-1.800670278627607868e+00 3.971196378184270515e+00 -5.179596615534826753e+00 -2.712975879389514677e+00 2.881351179450247546e+00 -7.782438023524201220e+00 1.486012861296894805e-01 -2.772278243969982459e+00
-1.374486438911237007e+00 2.757854084527709304e+00 -3.829166754179047949e+00 -2.500793561646813323e+00 2.393735379304753330e+00 -6.530260017643095161e+00 2.171399839726633751e-01 -2.624967216750147880e+00
-9.483025991948663691e-01 1.544511790871149426e+00 -2.478736892823269589e+00 -2.288611243904111969e+00 1.906119579159259558e+00 -5.278082011761989989e+00 2.856786818156372698e-01 -2.477656189530313302e+00
-5.221187594784959529e-01 3.311694972145891036e-01 -1.128307031467490784e+00 -2.076428926161410615e+00 1.418503779013765564e+00 -4.025904005880883929e+00 3.542173796586111090e-01 -2.330345162310478724e+00
-9.593491976212517591e-02 -8.821727964419715518e-01 2.221228298882880203e-01 -1.864246608418709483e+00 9.308879788682714596e-01 -2.773725999999778313e+00 4.227560775015850036e-01 -2.183034135090644146e+00
3.302489199542455456e-01 -2.095515090098531985e+00 1.572552691244066825e+00 -1.652064290676008129e+00 4.432721787227773547e-01 -1.521547994118672253e+00 4.912947753445588983e-01 -2.035723107870809123e+00
7.564327596706159618e-01 -3.308857383755091863e+00 2.922982552599844741e+00 -1.439881972933306997e+00 -4.434362142271641716e-02 -2.693699882375673038e-01 5.598334731875327375e-01 -1.888412080650974767e+00
1.182616599386987044e+00 -4.522199677411653518e+00 4.273412413955624878e+00 -1.227699655190605643e+00 -5.319594215682108551e-01 9.828080176435394222e-01 6.283721710305066877e-01 -1.741101053431139967e+00
1.608800439103357460e+00 -5.735541971068212952e+00 5.623842275311402794e+00 -1.015517337447904511e+00 -1.019575221713704627e+00 2.234986023524644594e+00 6.969108688734805268e-01 -1.593790026211305388e+00
2.034984278819727876e+00 -6.948884264724774162e+00 6.974272136667181599e+00 -8.033350197052031572e-01 -1.507191021859198621e+00 3.487164029405750654e+00 7.654495667164544770e-01 -1.446478998991470810e+00
