-2.779348672775229012e+00 -3.724265067907698068e+00 -3.569590061456501040e+00 3.732201117505766774e+00 -3.441290982019931555e+00 -3.117708460604416310e+00 1.718608487328133760e+00 -1.172124577047146399e-01
-1.943204482735252370e+00 -3.019650481399614339e+00 -2.247195602093539968e+00 2.771605851251120800e+00 -2.728478755768632968e+00 -2.882742568769335545e+00 1.763791584510660204e+00 -1.726995526701859407e-01
-1.107060292695275505e+00 -2.315035894891530610e+00 -9.248011427305784515e-01 1.811010584996473938e+00 -2.015666529517334382e+00 -2.647776676934254780e+00 1.808974681693186426e+00 -2.281866476356572970e-01
-2.709161026552986407e-01 -1.610421308383446215e+00 3.975933166323830648e-01 8.504153187418272974e-01 -1.302854303266035352e+00 -2.412810785099174016e+00 1.854157778875712870e+00 -2.836737426011285979e-01
5.652280873846777798e-01 -9.058067218753624861e-01 1.719987775995344137e+00 -1.101799475128190098e-01 -5.900420770147367655e-01 -2.177844893264093695e+00 1.899340876058239314e+00 -3.391608375665999264e-01
1.401372277424654200e+00 -2.011921353672787016e-01 3.042382235358305209e+00 -1.070775213767465317e+00 1.227701492365617653e-01 -1.942879001429012931e+00 1.944523973240765757e+00 -3.946479325320711995e-01
2.237516467464631731e+00 5.034224511408056379e-01 4.364776694721267170e+00 -2.031370480022112623e+00 8.355823754878608511e-01 -1.707913109593932166e+00 1.989707070423292201e+00 -4.501350274975425836e-01
3.073660657504607929e+00 1.208037037648889367e+00 5.687171154084228242e+00 -2.991965746276758598e+00 1.548394601739159437e+00 -1.472947217758851401e+00 2.034890167605818423e+00 -5.056221224630138567e-01
3.909804847544584572e+00 1.912651624156973096e+00 7.009565613447189314e+00 -3.952561012531405016e+00 2.261206827990458024e+00 -1.237981325923770637e+00 2.080073264788345089e+00 -5.611092174284851852e-01
4.745949037584561658e+00 2.617266210665057713e+00 8.331960072810151274e+00 -4.913156278786051878e+00 2.974019054241757054e+00 -1.003015434088689872e+00 2.125256361970871311e+00 -6.165963123939566248e-01
