9.451318688561452519e-02 3.502198960705088515e-01 -3.758032298023833206e+00 -6.699265589116378816e-01 -1.667146525291972325e-01 1.367880690272208488e-01 -1.400477161668008064e+00 6.688829504576616625e-01
8.500868756236965029e-02 3.040475997907776118e-01 -3.269892765234870602e+00 -5.845251173397321143e-01 -1.475746165218912165e-01 1.174068672806245772e-01 -1.223789040392463168e+00 5.749035428450389729e-01
7.550418823912480315e-02 2.578753035110463721e-01 -2.781753232445907997e+00 -4.991236757678264579e-01 -1.284345805145852282e-01 9.802566553402829175e-02 -1.047100919116918050e+00 4.809241352324163388e-01
6.599968891587994213e-02 2.117030072313151601e-01 -2.293613699656945393e+00 -4.137222341959206906e-01 -1.092945445072792260e-01 7.864446378743200627e-02 -8.704127978413730427e-01 3.869447276197936492e-01
5.649518959263508111e-02 1.655307109515839203e-01 -1.805474166867982344e+00 -3.283207926240149233e-01 -9.015450849997320992e-02 5.926326204083572080e-02 -6.937246765658280356e-01 2.929653200071709596e-01
4.699069026939022009e-02 1.193584146718526806e-01 -1.317334634079019517e+00 -2.429193510521091559e-01 -7.101447249266720774e-02 3.988206029423943533e-02 -5.170365552902829176e-01 1.989859123945482700e-01
3.748619094614535907e-02 7.318611839212146863e-02 -8.291951012900571349e-01 -1.575179094802034718e-01 -5.187443648536121249e-02 2.050085854764315679e-02 -3.403484340147380771e-01 1.050065047819256359e-01
2.798169162290050152e-02 2.701382211239022890e-02 -3.410555685010943083e-01 -7.211646790829773224e-02 -3.273440047805520337e-02 1.119656801046864381e-03 -1.636603127391930146e-01 1.102709716930294626e-02
1.847719229965564397e-02 -1.915847416734101083e-02 1.470839642878685183e-01 1.328497366360803511e-02 -1.359436447074918730e-02 -1.826154494554942109e-02 1.302780853635199243e-02 -8.295231044331974335e-02
8.972692976410789889e-03 -6.533077044707222281e-02 6.352234970768311229e-01 9.868641523551374695e-02 5.545671536556801007e-03 -3.764274669214569269e-02 1.897159298118968884e-01 -1.769317180559423774e-01
