-6.453572673646545965e-03 5.660879230029829401e-01 -2.039899039747604892e+00 -1.582360021075913947e-01 -2.565639783400182616e-01 -6.431892696206791271e-01 -7.582309221305062463e-01 -3.192867719382382896e-01
2.618380747355972260e-03 5.115210189042934674e-01 -2.021626407182214091e+00 -1.845174908465920804e-01 -2.338931889914110940e-01 -5.445225564094836601e-01 -7.544581922526972795e-01 -2.310056284934373094e-01
1.169033416835849742e-02 4.569541148056041058e-01 -2.003353774616822847e+00 -2.107989795855927939e-01 -2.112223996428039541e-01 -4.458558431982881931e-01 -7.506854623748882016e-01 -1.427244850486362737e-01
2.076228758936102259e-02 4.023872107069146886e-01 -1.985081142051432046e+00 -2.370804683245935074e-01 -1.885516102941967864e-01 -3.471891299870927261e-01 -7.469127324970792348e-01 -5.444334160383523802e-02
2.983424101036354081e-02 3.478203066082252715e-01 -1.966808509486041245e+00 -2.633619570635942209e-01 -1.658808209455896465e-01 -2.485224167758972591e-01 -7.431400026192702679e-01 3.383780184096579768e-02
3.890619443136606598e-02 2.932534025095359098e-01 -1.948535876920650223e+00 -2.896434458025949343e-01 -1.432100315969824789e-01 -1.498557035647017921e-01 -7.393672727414613011e-01 1.221189452857668056e-01
4.797814785236859114e-02 2.386864984108464927e-01 -1.930263244355259422e+00 -3.159249345415956478e-01 -1.205392422483753251e-01 -5.118899035350631121e-02 -7.355945428636523342e-01 2.104000887305678136e-01
5.705010127337111631e-02 1.841195943121570755e-01 -1.911990611789868399e+00 -3.422064232805963613e-01 -9.786845289976815743e-02 4.747772285768923906e-02 -7.318218129858433674e-01 2.986812321753689048e-01
6.612205469437362759e-02 1.295526902134677139e-01 -1.893717979224477599e+00 -3.684879120195970748e-01 -7.519766355116101753e-02 1.461444360688846367e-01 -7.280490831080342895e-01 3.869623756201698850e-01
7.519400811537615970e-02 7.498578611477828282e-02 -1.875445346659086576e+00 -3.947694007585977882e-01 -5.252687420255384293e-02 2.448111492800801869e-01 -7.242763532302253227e-01 4.752435190649709762e-01
