1.715828529111248502e+00 -6.386671056443331551e-01 -2.770231160074883903e+00 5.351191508467501023e-01 -5.304958454843594851e+00 2.798609553519284532e-01 -7.723686311558868312e+00 -5.738380238476697315e+00
1.366085721657745111e+00 -8.275955437144714155e-01 -1.963129370322195921e+00 3.260394785840214915e-02 -3.991813228723925633e+00 -2.499719687342889518e-01 -5.929400690616610348e+00 -4.942188587091907337e+00
1.016342914204241721e+00 -1.016523981784609898e+00 -1.156027580569507496e+00 -4.699112551299460261e-01 -2.678668002604256859e+00 -7.798048928205061348e-01 -4.135115069674351496e+00 -4.145996935707117359e+00
6.666001067507383304e-01 -1.205452419854748269e+00 -3.489257908168192923e-01 -9.724264581182942013e-01 -1.365522776484588086e+00 -1.309637816906723540e+00 -2.340829448732092199e+00 -3.349805284322326493e+00
3.168572992972350510e-01 -1.394380857924886641e+00 4.581759989358686891e-01 -1.474941661106642155e+00 -5.237755036491953398e-02 -1.839470740992940723e+00 -5.465438277898337915e-01 -2.553613632937536071e+00
-3.288550815626822832e-02 -1.583309295995025012e+00 1.265277788688556670e+00 -1.977456864094990330e+00 1.260767675754749018e+00 -2.369303665079157906e+00 1.247741793152424616e+00 -1.757421981552745649e+00
-3.826283156097717297e-01 -1.772237734065163384e+00 2.072379578441244874e+00 -2.479972067083338505e+00 2.573912901874418679e+00 -2.899136589165375533e+00 3.042027414094684357e+00 -9.612303301679550049e-01
-7.323711230632750091e-01 -1.961166172135301977e+00 2.879481368193933299e+00 -2.982487270071686680e+00 3.887058127994087009e+00 -3.428969513251592716e+00 4.836313035036942765e+00 -1.650386787831648050e-01
-1.082113930516778399e+00 -2.150094610205440127e+00 3.686583157946621281e+00 -3.485002473060034411e+00 5.200203354113755339e+00 -3.958802437337809899e+00 6.630598655979201617e+00 6.311529726016256170e-01
-1.431856737970281568e+00 -2.339023048275578720e+00 4.493684947699309262e+00 -3.987517676048382587e+00 6.513348580233423668e+00 -4.488635361424027082e+00 8.424884276921460469e+00 1.427344623986415595e+00
