1.451454851794611756e+00 -4.067790525882834629e+00 1.104837674422931570e+00 2.406272215579090101e+00 2.128144606012732254e+00 -7.520439683307245105e+00 -8.099633012788387987e+00 -3.046339434306048588e+00
1.451359504166928938e+00 -3.513763246681093300e+00 9.619215535967985398e-01 2.192811755393863749e+00 1.650397239375634983e+00 -6.057299628455142582e+00 -6.764269566675256584e+00 -2.311580538511054161e+00
1.451264156539246120e+00 -2.959735967479352414e+00 8.190054327706656201e-01 1.979351295208637840e+00 1.172649872738537713e+00 -4.594159573603040947e+00 -5.428906120562126958e+00 -1.576821642716060623e+00
1.451168808911563302e+00 -2.405708688277611529e+00 6.760893119445325894e-01 1.765890835023411931e+00 6.949025061014406646e-01 -3.131019518750939312e+00 -4.093542674448995555e+00 -8.420627469210664184e-01
1.451073461283880484e+00 -1.851681409075870199e+00 5.331731911183996697e-01 1.552430374838185800e+00 2.171551394643431721e-01 -1.667879463898837011e+00 -2.758179228335865041e+00 -1.073038511260722139e-01
1.450978113656197666e+00 -1.297654129874128870e+00 3.902570702922665835e-01 1.338969914652959670e+00 -2.605922271727541539e-01 -2.047394090467347383e-01 -1.422815782222734082e+00 6.274550446689219907e-01
1.450882766028514848e+00 -7.436268506723880956e-01 2.473409494661336916e-01 1.125509454467733761e+00 -7.383395938098511468e-01 1.258400645805366480e+00 -8.745233610960423398e-02 1.362213940463915751e+00
1.450787418400832030e+00 -1.895995714706468771e-01 1.044248286400006887e-01 9.120489942825076302e-01 -1.216086960446948417e+00 2.721540700657468559e+00 1.247911110003526947e+00 2.096972836258910178e+00
1.450692070773149212e+00 3.644277077310944524e-01 -3.849129218613234205e-02 6.985885340972814994e-01 -1.693834327084045910e+00 4.184680755509570638e+00 2.583274556116657905e+00 2.831731732053904160e+00
1.450596723145466616e+00 9.184549869328351157e-01 -1.814074130122652617e-01 4.851280739120554797e-01 -2.171581693721142514e+00 5.647820810361672272e+00 3.918638002229787531e+00 3.566490627848897699e+00
