4.300684667553394291e+00 -6.002102592149940463e+00 -4.002738744696263673e-01 -4.173516004561641068e+00 1.420376008648386312e+00 -4.706990948236102312e+00 -3.465800786026833613e-01 -7.173695385784103484e-01
3.532289465162434361e+00 -4.825831280919120836e+00 1.604637469217102819e-01 -3.341215064511279031e+00 1.025047725960742451e+00 -4.131194715992345223e+00 1.534018335778442044e-01 -6.375482608992925071e-01
2.763894262771474430e+00 -3.649559969688300765e+00 7.212013683130471531e-01 -2.508914124460916550e+00 6.297194432730982561e-01 -3.555398483748586802e+00 6.533837457583717701e-01 -5.577269832201746658e-01
1.995499060380514278e+00 -2.473288658457480693e+00 1.281938989704384024e+00 -1.676613184410553847e+00 2.343911605854540614e-01 -2.979602251504828381e+00 1.153365657938899336e+00 -4.779057055410568244e-01
1.227103857989554347e+00 -1.297017347226660400e+00 1.842676611095720673e+00 -8.443122443601915883e-01 -1.609371221021899667e-01 -2.403806019261070404e+00 1.653347570119426901e+00 -3.980844278619389831e-01
4.587086555985944725e-01 -1.207460359958404394e-01 2.403414232487057767e+00 -1.201130430982938480e-02 -5.562654047898339948e-01 -1.828009787017312426e+00 2.153329482299954467e+00 -3.182631501828211418e-01
-3.096865467923657356e-01 1.055525275234979965e+00 2.964151853878394416e+00 8.202896357405331518e-01 -9.515936874774781895e-01 -1.252213554773554005e+00 2.653311394480482033e+00 -2.384418725037033004e-01
-1.078081749183325222e+00 2.231796586465799592e+00 3.524889475269731065e+00 1.652590575790894967e+00 -1.346921970165122051e+00 -6.764173225297962500e-01 3.153293306661009154e+00 -1.586205948245855146e-01
-1.846476951574285597e+00 3.408067897696620108e+00 4.085627096661068158e+00 2.484891515841257892e+00 -1.742250252852766357e+00 -1.006210902860380507e-01 3.653275218841536720e+00 -7.879931714546767330e-02
-2.614872153965245971e+00 4.584339208927440623e+00 4.646364718052405252e+00 3.317192455891620373e+00 -2.137578535540410662e+00 4.751751419577203706e-01 4.153257131022064286e+00 1.021960533650223546e-03
