5.553694006894923874e+00 1.022272439454126047e-01 6.010833714892055424e-02 5.178192235579819780e+00 1.438880781358605976e+00 2.962653237501607251e+00 -3.408837905471179264e-01 -5.876106917331379798e+00
4.548748924144261352e+00 -2.274994274402568628e-01 1.375799839606363095e-01 4.232717444350807767e+00 1.011246821266940099e+00 2.221590313845320352e+00 -5.741590330079077154e-01 -4.265623048737646528e+00
3.543803841393598386e+00 -5.572260988259262193e-01 2.150516307723520371e-01 3.287242653121794866e+00 5.836128611752742223e-01 1.480527390189034120e+00 -8.074342754686973933e-01 -2.655139180143913702e+00
2.538858758642935420e+00 -8.869527702115955758e-01 2.925232775840677646e-01 2.341767861892782854e+00 1.559789010836084566e-01 7.394644665327476662e-01 -1.040709517929486960e+00 -1.044655311550180876e+00
1.533913675892272899e+00 -1.216679441597265043e+00 3.699949243957834644e-01 1.396293070663769953e+00 -2.716550590080574201e-01 -1.598457123539093194e-03 -1.273984760390276749e+00 5.658285570435527267e-01
5.289685931416099329e-01 -1.546406112982934511e+00 4.474665712074992197e-01 4.508182794347573852e-01 -6.992890190997234079e-01 -7.426613807798257971e-01 -1.507260002851066538e+00 2.176312425637286552e+00
-4.759764896090521447e-01 -1.876132784368603756e+00 5.249382180192149194e-01 -4.946565117942545164e-01 -1.126922979191388841e+00 -1.483724304436111918e+00 -1.740535245311856105e+00 3.786796294231018489e+00
-1.480921572359715110e+00 -2.205859455754273224e+00 6.024098648309306192e-01 -1.440131303023266973e+00 -1.554556939283054939e+00 -2.224787228092398816e+00 -1.973810487772646116e+00 5.397280162824752203e+00
-2.485866655110378076e+00 -2.535586127139942469e+00 6.798815116426464300e-01 -2.385606094252279874e+00 -1.982190899374720816e+00 -2.965850151748685271e+00 -2.207085730233435683e+00 7.007764031418485473e+00
-3.490811737861040598e+00 -2.865312798525612159e+00 7.573531584543620188e-01 -3.331080885481291887e+00 -2.409824859466386471e+00 -3.706913075404971725e+00 -2.440360972694225694e+00 8.618247900012217855e+00
